	HYL_AGca_B6HY14	HYL_AGca_B6HY15	HYL_AGca_B6HY16	HYL_AGca_L0P329	HYL_AGca_Q800S0	HYL_AGca_Q800S2	HYL_AGda_L0P3K3	HYL_AGda_O93453	HYL_AGda_O93454	HYL_CRca_A0A193H395	HYL_CRca_A0A193H397	HYL_HPci_1	HYL_HPra_P86037	HYL_HYsi_H6SWL6	HYL_LDpu_C0HJZ6	HYL_LDpu_C0HK03	HYL_LIfa_B5LUQ3_1	HYL_LIfa_B5LUQ3_2	HYL_LIfa_B5LUQ4	HYL_LIfa_B5LUQ6	HYL_LIin_Q571V3	HYL_LIin_Q571V5	HYL_LIin_Q571V6	HYL_PHbi_J9V799	HYL_PHbi_P31107	HYL_PHbi_P81485	HYL_PHbi_P81486	HYL_PHbi_P81490	HYL_PHbi_P81565	HYL_PHbi_Q800R3	HYL_PHbi_Q90ZK3	HYL_PHbi_Q90ZK5	HYL_PHbi_Q9PT75	HYL_PHhy_L0P402	HYL_PHhy_P84567	HYL_PHhy_P84572	HYL_PHhy_P84596	HYL_PHhy_Q0VZ37	HYL_PHhy_Q0VZ38	HYL_PHhy_Q0VZ41	HYL_PLth_1	HYL_PLth_3	HYL_SPla_L0L3V3	MIC_KAma_C7C1K8	MIC_KAma_G0LWV9	MIC_KAse_E6ZBE2	MIC_KAse_L0P323	MIC_KAse_n_Q90W78	MIC_KAse_Q4GZT0	MIC_KAse_X5JB74	RAN_AMha_H9MHY0	RAN_AMlo_A0SN45	RAN_AMlo_A6XFB5	RAN_AMlo_C5H0C7	RAN_BAad_E1B2T9	RAN_BAad_E1B2U2	RAN_BAad_E1B2U3	RAN_BApl_B5L1A8	RAN_BApl_B5L1B3	RAN_BApl_B5L1I5	RAN_BApl_B5L1L0	RAN_BApl_B5L1L8	RAN_BApl_C5H616	RAN_HDma_A0A141PZI7	RAN_LBca_C5IBS4	RAN_LBca_D5MTM2	RAN_LBpi_B0B2H3	RAN_LBpi_J9RWS5	RAN_LBpi_M9NY66	RAN_NApa_D0ES75	RAN_ODan_E3SZH4	RAN_ODan_E3SZI0	RAN_ODan_E3SZI2	RAN_ODan_E3SZI6	RAN_ODan_E3SZI7	RAN_ODan_E3SZJ4	RAN_ODan_E3SZJ6	RAN_ODan_E3SZL5	RAN_ODan_E3SZL6	RAN_ODli_C3RT08	RAN_PEni_G3E7U4	RAN_PEni_I3QBM3	RAN_PEni_R4IVK0	RAN_RAbo_M9NXA1	RAN_RAch_B8QP36	RAN_RAch_B8QZV9	RAN_RAch_F1AEL7	RAN_RAch_F1AEM0	RAN_RAch_F1AEM4	RAN_RAch_F1AEM6	RAN_RAch_Q1KLZ4	RAN_RAch_Q1KLZ5	RAN_SYni_C0ILB1	RAN_SYni_C0ILJ6	RAN_SYni_C0ILK0	RAN_SYni_C4MR35	RAN_SYsp_E7EKJ3	RAN_SYsp_E7EKJ5	RAN_SYsp_E7EKJ6	RAN_AMha_E7EKE6_disulfide	RAN_AMha_E7EKE9_disulfide	RAN_AMha_H9MHW1_disulfide	RAN_AMlo_A0SN38_disulfide	RAN_AMlo_C5H0D0_disulfide	RAN_AMlo_C5H0D4_disulfide	RAN_BAad_E1B2T8_disulfide	RAN_BAad_E1B2U0_disulfide	RAN_BApl_B5L1D1_disulfide	RAN_BApl_B5L1I8_disulfide	RAN_BApl_B5L1L3_disulfide	RAN_BApl_B5L1M1_disulfide	RAN_FEca_C7ENH5_disulfide	RAN_GLru_P80398_disulfide	RAN_GLru_P80399_disulfide	RAN_LBca_C1C3U1_disulfide	RAN_LBca_C5IAZ1_disulfide	RAN_LBca_C5IB03_disulfide	RAN_LBca_C5IBR9_disulfide	RAN_LBca_P39084_disulfide	RAN_LBpi_J9RS12_disulfide	RAN_LBpi_J9RZ63_disulfide	RAN_LBpi_Q8QFQ4_disulfide	RAN_LBpi_Q8QFQ5_disulfide	RAN_LBpi_Q90WP7_disulfide	RAN_NApa_D0ES73_disulfide	RAN_NApl_A0A0A0RAN7_disulfide	RAN_ODan_D2K8B8_disulfide	RAN_ODan_D2K8C8_disulfide	RAN_ODan_D2K8D1_disulfide	RAN_ODan_D2K8D2_disulfide	RAN_ODan_D2K8E4_disulfide	RAN_ODan_D2K8F2_disulfide	RAN_ODan_D2K8I5_disulfide	RAN_ODan_D2K8J8_disulfide	RAN_ODan_E3SYB6_disulfide	RAN_ODan_E3SYH0_disulfide	RAN_ODan_E3SYH8_disulfide	RAN_ODan_E3SYI0_disulfide	RAN_ODan_E3SYJ3_disulfide	RAN_ODan_E3SYJ6_disulfide	RAN_ODan_E3SYK8_disulfide	RAN_ODan_E3SYK9_disulfide	RAN_ODan_E3SYL2_disulfide	RAN_ODan_E3SYL3_disulfide	RAN_ODan_E3SYL6_disulfide	RAN_ODan_E3SYM3_disulfide	RAN_ODan_E3SYM6_disulfide	RAN_ODan_E3SYM7_disulfide	RAN_ODan_E3SYN0_disulfide	RAN_ODan_E3SYN2_disulfide	RAN_ODan_E3SYN9_disulfide	RAN_ODan_E3SYP8_disulfide	RAN_ODan_E3SYU3_disulfide	RAN_ODan_E3SYX0_disulfide	RAN_ODan_E3SZB0_disulfide	RAN_ODan_E3SZB8_disulfide	RAN_ODan_E3SZF7_disulfide	RAN_ODan_E3SZH3_disulfide	RAN_ODan_E3SZH7_disulfide	RAN_ODan_E3SZH9_disulfide	RAN_ODan_E3SZI3_disulfide	RAN_ODan_E3SZJ8_disulfide	RAN_ODan_E3SZK8_disulfide	RAN_ODan_E3SZL0_disulfide	RAN_ODli_A1JUI6_disulfide	RAN_ODli_C3RSZ3_disulfide	RAN_ODli_C3RSZ7_disulfide	RAN_ODli_C3RSZ8_disulfide	RAN_ODli_C3RSZ9_disulfide	RAN_ODli_C3RT01_disulfide	RAN_ODli_C3RT04_disulfide	RAN_ODli_C3RT06_disulfide	RAN_ODli_C3RT07_disulfide	RAN_ODli_C3RT09_disulfide	RAN_ODli_C3RT10_disulfide	RAN_ODli_Q2UXR1_disulfide	RAN_ODli_Q2UXR2_disulfide	RAN_ODli_Q2UXR3_disulfide	RAN_ODli_Q2UXR4_disulfide	RAN_PEle_L0NP29_disulfide	RAN_PEle_P32412_disulfide	RAN_PEle_P40842_disulfide	RAN_PEle_P40844_disulfide	RAN_PEni_G3E7P3_disulfide	RAN_PEni_G3E7P6_disulfide	RAN_PEni_G3E7Q0_disulfide	RAN_PEni_G3E7T0_disulfide	RAN_PEni_G3E7T1_disulfide	RAN_PEni_G3E7T4_disulfide	RAN_PEni_G3E7W0_disulfide	RAN_PEni_G3E7X7_disulfide	RAN_PEni_R4IVD2_disulfide	RAN_PEni_R4IVK5_disulfide	RAN_PEni_R4IVU7_disulfide	RAN_PEni_R4IW04_disulfide	RAN_RAbo_J9R6K8_disulfide	RAN_RAbo_J9RRZ4_disulfide	RAN_RAbo_J9RS19_disulfide	RAN_RAbo_J9RWR8_disulfide	RAN_RAch_B8QZV5_disulfide	RAN_RAch_F1AEK6_disulfide	RAN_RAch_F1AEM3_disulfide	RAN_SYni_C0IL66_disulfide	RAN_SYni_C0IL92_disulfide	RAN_SYni_C0ILA0_disulfide	RAN_SYni_C0ILA3_disulfide	RAN_SYni_C0ILA9_disulfide	RAN_SYni_C0ILB2_disulfide	RAN_SYni_C0ILC0_disulfide	RAN_SYni_C0ILG2_disulfide	RAN_SYni_C0ILK4_disulfide	RAN_SYsp_E7EKH1_disulfide	RAN_SYsp_E7EKH2_disulfide	RAN_SYsp_E7EKH3_disulfide	RAN_SYsp_E7EKH5_disulfide	RAN_SYsp_E7EKH6_disulfide	RAN_SYsp_E7EKH7_disulfide	RAN_SYsp_E7EKH8_disulfide	RAN_SYsp_E7EKI0_disulfide	RAN_SYsp_E7EKI1_disulfide	RAN_SYsp_E7EKI4_disulfide	RAN_SYsp_E7EKI5_disulfide	RAN_SYsp_E7EKI8_disulfide	RAN_SYsp_E7EKI9_disulfide	RAN_SYsp_E7EKJ2_disulfide	RAN_THkw_R4QZ32_disulfide
HYL_AGca_B6HY14	0	55.32	20.56	25.78	20.27	17.47	25.69	50.28	35.63	21.91	25.81	27.64	18.8	35.53	17.5	31.49	24.68	24.45	22.62	31.89	16.26	18.44	35.92	42.65	51.04	33.48	24.04	32.77	26.61	23.77	48.89	44.23	20.97	25.54	23.75	23.14	26.23	24.44	24.22	21.55	45.44	30.04	21.99	24.64	30.77	24.77	36.14	50.12	40.27	32.95	19.33	37.75	34.97	25.01	25.63	28.82	53.51	19.65	29.95	36.05	22.26	29.62	39.59	39.23	28.15	25.16	20.92	33.22	29.23	30.94	19.91	41.8	35.29	40.53	40.91	22.75	23.6	36.22	33.23	40.14	31.62	35.32	32.81	20.82	18.22	32.4	34.69	44.65	32.51	34.94	30.41	25.98	55.09	27.45	27	39.64	38.63	26.95	25.83	39.51	17.23	27.22	17.07	25.6	38.26	37.78	30.05	22.52	29.53	34.7	53	25.81	52.05	14.68	15.1	18.19	34.82	30.38	20.2	58.85	40.99	28.03	15.58	41.14	35.86	19.76	27.72	52.24	17.45	17.47	20.59	47.96	33.68	23.78	12.87	17.81	45.9	45.69	44.2	44.07	45.14	44.04	35.51	54.76	55.65	34.03	29.41	31.47	25.91	20.49	35.93	21.78	31.98	18.78	17.94	34.4	34.12	20.56	17.86	15.32	35.53	33.91	45.86	45.65	42.5	26.1	35.82	22.01	34.39	16.96	54.55	27.98	28.4	39.01	26.29	30.49	31.84	19.81	15.46	30.14	17.44	32.57	57.85	26.95	44.08	44.05	33.26	23.14	27.82	41.93	33.8	20.82	33.07	21.16	57.9	24.11	26.64	17.15	26.66	21.38	33.73	17.92	45.02	38.85	38.17	35.01	30.41	32.74	50.03	18.28	48.14	16.49	14.68	50.79	43.53	35.24	28.3	56.87	21.34	44.64	30.53	37	39.12	44.94	38.25	25.16
HYL_AGca_B6HY15	55.32	0	21.12	33.58	21.23	34.65	34.31	9.12	31.75	27.39	19.43	23.46	31.34	36.89	17.54	35.83	38.28	38.05	35.94	30.63	26.96	33.84	28.5	24.61	8.84	27.44	22.08	36.07	31.33	34.85	16.17	12.55	42.73	33.34	27.11	42.42	12.47	29.18	36.66	38.49	41.08	35.4	26.23	28.78	42.91	29.07	36.26	57.66	45.47	40.53	37.03	33.47	31.03	37.99	29.63	23.88	65.87	21.25	35.41	54.21	44.14	31.88	35.43	44.51	32.63	30.42	25.54	73.28	25.49	21.82	68.99	53.44	31.35	26.09	26.25	27.65	27.52	25.34	30.79	33.1	51.62	38.66	29.61	26.22	22.36	28.98	32.51	56.25	30.67	26.38	32.95	34.78	28.07	36.29	36.3	32.6	47.33	36.25	35.03	27.27	47.75	44.4	30.37	30.66	31.24	45.2	32.75	46.18	42.51	23.86	22.82	34.85	26.89	30.06	32.3	55.41	34.34	33.68	42.54	38.31	48.23	25.19	34.62	38.74	25.24	33.98	22.64	28.3	30.73	46.77	39.39	29.78	32.88	25.86	29.51	46.79	46.54	46.33	36	37.13	29.42	37.16	39.21	38.02	45.15	26.79	24.23	39.51	32.45	44.25	24.03	39.7	31.14	24.02	28.9	28.42	23.3	27.92	31.06	31.72	30.05	32.65	25.34	47.43	23.22	27.1	33.64	40.55	40.35	38.22	38.65	42.84	38.34	26.97	28.01	25.41	29.72	43.45	43.08	36.64	30.74	27.03	43.43	33.83	36.5	36.47	21.84	24.54	23.32	45.37	30.72	39.04	32.31	23.76	43.48	31.33	26.78	34.81	22.74	39.42	36.63	39.86	24.26	44.27	32.25	23.83	32.49	27.86	52.97	38.22	26.4	32.29	36.36	39.43	51.95	23.6	24.86	52.01	24.98	25.66	32.35	29.22	41.4	37.54	37.73	37.66
HYL_AGca_B6HY16	20.56	21.12	0	24.78	1.95	19.21	24.69	25.16	20.01	17.09	11.99	20.42	32.58	15.97	19.02	30.29	12.48	12.25	16.7	20.65	23.3	13.12	20.5	24.63	24.34	18.18	18.98	16.73	15.49	16.11	23.77	17.79	30.17	19.46	11.77	13.3	15.33	16.84	17.48	12.61	27.1	15.62	14.83	18.2	31.65	15.97	27.66	28.88	32.07	30.91	22.85	18.37	31.89	24.09	22.11	26.24	48.57	38.57	16.63	38.23	20.64	48.06	23.99	36.85	22.45	21.04	19.24	54.94	19.29	17.68	62.63	35.38	32.21	31.19	32.25	16.87	21.26	17.96	21.75	24.44	32.56	33.96	19.25	19.44	37.6	20.92	20.89	46.57	20.69	19.14	23.61	17.5	27.41	14.73	17.06	24.04	39.93	18.89	18.27	21.73	14.67	30.36	33.35	23.38	26.9	20.06	38.93	18.1	45.77	27.16	24.58	24.45	26.77	16.16	16.3	22.19	44.78	17.62	14.74	45.91	39.07	24.67	31.42	37.96	20.34	23.36	20.34	19.8	33.37	33.75	24.71	27.46	35.7	20.82	17.89	34.09	18.76	19.59	19.54	20.67	20.42	20.7	29.21	52.58	54.89	20.25	21.27	26.79	24.11	32.27	29.31	16.8	17.58	12.94	20.46	23.7	19.88	12.9	22.68	24.6	25.19	35.47	28.38	34.47	20.3	19.72	23.38	18.25	17.45	31.26	52.99	34.2	25.26	20.41	21.95	26.53	21.9	17.53	30.5	29.58	33.72	18.75	42.05	32.09	25.88	25.85	17.2	18.08	20.4	29.41	21.52	23.4	21.15	25.36	42.1	18.53	30.24	31.73	26.72	22.12	26.21	23.86	33.62	31.47	29.45	23.41	29.65	31.74	35.45	25.02	27.08	18.19	18.06	33.51	19.23	23.64	20.58	60.21	24.34	35.18	29.77	20.26	31.7	27.98	28.49	39.7
HYL_AGca_L0P329	25.78	33.58	24.78	0	24.93	16.83	0.73	33.2	22.17	11.87	23.13	21.02	37.44	19.41	25.16	33.97	9.28	9.51	13.94	9.81	29.7	22.06	19.62	27.27	34.04	27.7	34.54	34.59	19.19	8.83	26.39	27.57	26.29	0.24	13.53	8.6	19.43	22.68	6.92	7.01	24	13.74	10.89	10.78	25.21	11.23	7.96	33.62	17.67	15.03	10.23	9.65	25.97	13.31	12.45	21.7	38.13	30.27	6.31	41.53	11.14	27.94	24.75	29.81	6.85	16.92	8.94	47.2	8.99	19.64	47.23	24.62	26.29	28.41	28.79	20.47	21.42	8.96	6.19	18.08	24.96	20.8	10.15	11.2	22.32	8.64	5.91	26.91	9.85	8.86	15.21	13.5	30.67	5.95	6.42	18.58	32.63	6.59	10.47	28.59	19.45	25.34	18.45	17.3	34.42	14.22	37.63	18.68	40.29	44.42	23.2	14.79	33.73	14.84	21.64	42.57	32.84	26.46	18.38	50.09	57.11	33.67	16.6	34.18	13.42	13.64	17.88	26.72	19.25	17.95	29.31	32.44	38.58	13.12	16.67	17.15	24.98	24.15	25.46	26.81	21.18	26.78	36.01	58.5	61.29	26.45	31.39	13.03	16.31	19.75	23.83	15.62	18.12	27.82	22.94	12.68	17.84	16.56	22.84	19.5	27.49	36.67	17.12	28.37	18.14	26.1	27.44	16.27	16.27	31.44	58.91	18.34	26.06	19.33	16.25	32.95	19.1	21.63	19.94	24.52	17.92	35.23	59.57	17.41	30.82	30.79	32.84	32.7	18.04	30.37	33.48	34.32	32.07	34.04	59.62	36.33	32.9	19.79	37.08	15.7	37.95	30.66	23.42	21.55	18.19	33.53	12.97	22.22	37.15	14.36	33.92	16.65	14.46	34.89	29.29	33.3	35.58	65.37	38.06	25.3	12.83	12.94	22.32	22.58	22.99	33.68
HYL_AGca_Q800S0	20.27	21.23	1.95	24.93	0	20.62	24.84	26.53	18.16	15.24	13.46	21.79	34.09	17.68	17.17	26.24	12.17	11.94	17.33	22.16	39.93	16.09	18.59	35.82	24.93	19.55	18.69	14.88	21.72	20.12	23.8	18.38	37.14	24.69	13.62	15.15	17.18	17.75	18.89	13.56	26.59	17.13	21.08	19.15	33.16	16.92	29.17	41.15	33.58	31.94	23.88	17.92	32.92	25.12	16.26	27.27	41.38	40.08	17.68	39.26	22.15	49.09	25.02	37.88	18.6	22.29	18.79	55.97	18.84	26.91	50.44	36.41	33.24	26.9	27.52	22.36	22.77	18.63	24.5	25.47	34.07	34.99	20.28	19.07	18.83	22.31	18.48	50.38	22.2	28.51	20.58	19.79	26.02	15.78	18.57	25.07	40.96	17	24.62	23.02	31.56	31.39	34.38	24.41	27.09	20.49	23.52	18.19	27.38	27.99	24.89	25.48	45.64	15.67	17.25	24	28.65	18.79	14.47	47.42	40.92	26.62	32.45	38.99	21.85	34.91	22.81	18.41	34.4	34.78	22.3	28.95	33.85	21.03	18.92	35.12	20.71	23.54	21.49	25.4	35.75	37.11	27.26	52.71	54.04	21.32	27.22	27.1	27.8	33.3	23.5	19.47	20.83	14.45	15.23	17.15	23.33	14.41	22.45	24.37	26.22	33.62	29.41	35.5	22.51	21.57	20.15	20.54	20.22	31.67	53.12	35.23	26.29	21.44	22.98	29.76	16.67	19.02	31.53	30.61	34.75	20.7	54.7	33.12	22.57	27.32	19.75	19.57	22.61	30.62	19.67	21.55	35.34	28.19	54.75	23.82	31.53	32.76	28.67	21.59	23.06	25.81	29.21	36.34	23.16	24.88	30.68	32.77	33.98	27.77	26.85	19.22	19.11	32.3	20.7	25.11	19.17	59.14	32.07	23.79	30.8	21.29	32.73	30.17	35.94	40.15
HYL_AGca_Q800S2	17.47	34.65	19.21	16.83	20.62	0	16.1	34.03	5.2	17.1	33.18	27.93	29.91	18.94	25.23	33.06	12.47	13.12	18.49	15.12	31.61	16.09	12.55	27.6	33.41	19.31	21.51	22.44	11.38	15.34	27.86	26.66	25.68	16.59	13.06	14.59	19.5	19.11	13.67	13.44	16.07	15.71	13.84	13.05	26.12	10.96	12.07	40.99	30.26	26.5	14.06	9.6	30.24	20.08	15.96	26.69	51.5	29.36	10.86	35.54	17.17	41.53	21.06	41.02	12.8	24.95	13.87	55.65	13.82	13.11	50.68	33.33	30.56	19.62	26.98	14.92	19.75	12.55	14	29.87	29.35	30.49	11.96	15.57	24.03	19.05	17.16	42.4	12.54	10.43	23.24	14.51	38.44	13.74	15.19	29.37	45.32	13.68	15.36	31.7	28.9	31.33	17.92	29.73	29.75	17.99	41.54	20.01	33.02	29.89	28.31	19.06	35.24	14.47	16.43	30.24	33.13	24.13	13.77	54.26	46.22	29.98	17.01	32.55	19.25	21.61	18.13	28.29	17.04	17.52	28.58	21.83	45.81	26.39	15.14	17.76	32.53	32.32	25.55	24.94	25.29	24.91	39.34	55.95	57.28	25.6	26.68	21.46	16.96	28.1	29.18	10.65	11.17	22.57	35.89	19.81	19.23	10.49	18.61	18.85	30.36	45.58	30.97	31.8	18.83	26.73	32.03	10.88	12.88	27.65	56.36	29.83	25.13	25.46	29.4	25.68	32.05	25.4	19.77	23.37	17.39	33.48	54.56	18.14	33.49	33.46	26.53	28.41	18.73	28.24	31.59	26.87	30.18	27.77	54.61	28.7	26.89	31.02	35.99	15.99	38.84	26.47	26.01	27.04	33.84	30.36	30	15.35	38.04	16.49	39.91	15.34	20.79	42	24.64	30.13	33.73	62.6	28.01	32.65	30.12	20.15	25.57	22.47	17	39.25
HYL_AGda_L0P3K3	25.69	34.31	24.69	0.73	24.84	16.1	0	33.93	21.64	12.6	23.86	21.75	36.71	18.68	27.21	37.6	10.01	10.24	17.01	9.28	27.45	16.25	20.35	27.18	34.77	28.43	34.45	31.5	19.54	9.56	27.12	28.3	25.56	0.97	13.44	9.33	22.96	23.41	7.65	7.74	24.73	14.47	10.16	11.51	25.94	10.7	7.23	34.79	18.4	14.5	10.6	9.12	26.7	12.78	21.46	23.01	38.86	31	7.04	42.26	10.41	27.85	25.48	26.22	7.58	17.65	9.67	46.67	11.3	19.11	47.14	25.35	27.02	29.14	29.52	21.2	22.15	9.69	6.92	18.81	32.05	19.85	9.42	10.67	18.05	8.11	5.5	27.64	9.32	9.59	15.94	14.23	31.4	5.42	5.69	19.31	33.36	5.84	9.94	29.38	20.18	26.07	18.88	18.03	33.89	14.95	38.36	17.61	41.02	45.15	23.93	15.52	34.46	15.21	18.31	41.34	32.11	23.77	11.75	50.82	57.84	45.18	17.33	34.91	14.15	13.11	17.35	24.43	19.98	18.48	26.84	32.35	37.63	13.85	17.4	17.88	25.71	24.88	26.19	21.86	21.91	21.83	43.88	59.03	61.82	26.36	35	13.76	16.06	20.48	18.54	15.09	17.59	24.77	22.85	13.41	17.31	17.29	23.57	20.23	24.42	37.4	17.85	18.26	17.61	26.01	28.17	15.74	15.74	32.17	59.44	19.07	26.79	15.76	16.12	30.06	19.83	21.54	20.67	25.25	18.35	34.5	46.92	17.9	26.87	26.84	33.57	35.37	17.51	22.42	34.21	35.05	32.8	30.97	46.97	35.36	32.81	18.82	36.99	9.07	43.86	31.11	23.47	24.96	18.92	31	26.16	22.57	42.96	15.09	34.65	17.38	15.19	35.62	27.08	29.93	31.79	66.1	44.19	26.03	26.28	24.73	23.05	21.85	23.72	34.41
HYL_AGda_O93453	50.28	9.12	25.16	33.2	26.53	34.03	33.93	0	42.29	31.93	25.93	21.92	30.98	43.15	26.02	33.23	39.92	39.69	35.86	39.71	30.56	40.14	38.86	20.61	7.64	18.52	22.24	37.71	31.69	39.31	10.57	11.35	41.69	32.96	39.47	39.56	19.95	26.62	41.96	35.29	37.96	37.66	27.87	41.72	47.31	32.99	36.02	43.4	36.79	50.97	37.81	35.03	33.93	31.41	36.75	46.1	64.53	28.07	32.57	42.95	41.9	46.04	46.53	50.63	31.87	32.42	32.9	46.28	32.95	24.08	38.73	47.66	35.27	32.75	27.63	32.17	26.44	23.86	32.43	30.06	38.74	40.3	34.85	33.58	28.58	40.22	34.15	23.29	40.33	33.3	34.59	37.4	29.53	35.39	35.2	29.56	53.45	34.89	29.85	33.67	40.97	39.74	25.35	23.62	31.18	29.48	46.91	32.86	31.01	42.64	33.86	37.21	23.57	41.98	29.34	43.63	37.98	20.18	40.18	44.51	46.57	32.61	35.14	40.38	26.88	39.9	29.86	29.36	26.79	25.85	35.09	53.04	43.36	28.76	30.49	26.35	36.56	37.39	26.54	31.07	25	31.1	45.05	48.46	50.57	24.37	28.13	37.49	23.41	45.03	25.67	34.4	29.76	24.74	31.24	31.12	30.3	22.92	30.94	32.86	35.77	43.13	42.36	43.19	30.44	30.02	41.44	30.05	29.63	33.86	49.09	28.02	51.36	21.83	34.97	28.05	29.62	25.73	33	26.74	25.98	27.21	48.83	30.71	47.88	47.85	26.02	28.54	30.54	46.73	30.88	27.76	44.13	27.44	48.88	30.51	29.9	35.99	32.36	38.5	47.05	33.52	25.9	37.29	33.83	34.45	34.35	29.5	48.11	42.48	39.36	31.35	24.32	31.37	35.31	34.68	28.9	57.41	31.06	27.3	34.21	43.56	43.04	47.24	42.29	40.36
HYL_AGda_O93454	35.63	31.75	20.01	22.17	18.16	5.2	21.64	42.29	0	12.78	22.58	18.45	27.77	22.34	17.95	27.86	11.11	11.34	15.47	13.74	28.45	23.37	12.85	30.52	28.19	18.11	36.19	20.72	15.82	18.5	26.76	23.4	37.28	21.93	12.32	13.85	30.88	30.49	15.47	15.34	17.05	21.17	17.24	16.55	15.94	12.3	14.17	47.01	28.32	29.78	14.84	10.38	30.54	23.48	8.22	21.25	44.14	28.08	13.86	35.84	27.81	38.61	21.36	33.86	13.58	28.45	14.65	61.15	14.7	15.29	36.54	36.83	30.86	30.54	27.28	17.12	22.41	10.85	16.42	27.35	34.21	34.45	12.74	14.51	12.75	14.07	20.46	41.02	13.42	11.31	20.76	15.29	35.68	23.4	22.93	30.99	36.68	18.76	14.9	34.02	16.22	31.65	24.22	30.05	33.65	28.19	38	35.35	56.98	39.81	21.03	22	34.16	19.37	23.07	24.74	26.19	30.95	25.45	61.78	59.02	28.18	18.09	27.63	19.55	21.33	18.91	41.09	24.34	24.72	29.3	25.37	29.61	26.89	19.22	24.96	42.27	29.18	25.59	39.24	23.87	39.21	30.16	43.95	61.94	28.74	32.02	27.64	19.9	30.88	32.74	14.13	15.17	27.79	24.07	23.03	20.01	15.39	31.99	29.81	24.5	44.84	35.31	35.1	19.61	39.39	25.83	14.98	14.78	30.57	44.36	30.15	22.15	28.56	30.34	30.4	22.39	35.8	21.03	36.07	24.59	25.2	58.48	24.22	36.15	36.12	32.19	31.69	19.51	37.98	23.83	23.53	26.98	35.37	58.53	32.76	28.33	31.8	32.83	27.03	42.76	41.53	27.43	28.94	26.48	31.82	30.3	24.57	31.58	25.35	28.23	20.94	26.53	40.94	28.9	31.59	20.43	50.5	33.81	33.85	30.42	24.61	33.21	25.39	28.34	36.35
HYL_CRca_A0A193H395	21.91	27.39	17.09	11.87	15.24	17.1	12.6	31.93	12.78	0	15.62	11.23	23.17	21.46	15.93	26.32	8.13	8.36	18.61	12.9	33.45	26.27	13.85	17.76	21.65	14.39	16.97	15.98	25.04	16.38	20.84	25	30.16	11.63	16.86	11.49	27.8	27.21	11.07	10.34	25.81	14.97	20.26	19.65	18.04	15.54	15.89	39.67	23.02	18.38	15.28	8.54	23.66	14.58	13.4	40.47	49.66	29.46	13.16	38.74	17.41	24.85	26.92	31.26	12.86	20.31	12.63	47.11	12.78	15.23	52.56	33.95	37.26	25.42	26.42	19.88	26.27	11.33	12.2	26.21	40.63	28.73	11.04	13.31	9.37	12.83	17.82	44.58	16.72	11.17	18.6	22.99	37.2	17.52	14.05	23.93	34.08	19.46	13.98	21	26.1	31.79	22.14	30.19	31.21	19.65	24.24	24.03	25.72	24.97	14.43	25.36	25.64	27.99	20.89	25.68	26.75	22.05	25.25	55.68	53.5	23.56	25.03	26.05	29.55	9.53	16.23	32.19	22.06	21.74	21.7	37.23	29.05	30.89	12.98	21.14	24.25	23.42	20.63	21.24	20.17	21.21	29.2	54.99	53.86	28.32	31.64	20.7	23.74	24.96	24.46	20.53	20.49	19.47	25.33	15.03	16.47	20.67	28.67	22.15	19.6	29.28	35.45	35.24	19.61	21.17	27.95	20.76	21.18	30.19	55.4	30.65	36.95	10.44	25.1	31.64	18.69	17.02	26.29	29.73	21.61	22.38	65.44	26.94	21.09	21.12	41.29	28.13	19.51	24.42	22.63	23.27	23	29.39	65.49	43.22	23.11	24.7	28.73	24.11	25.38	38.85	29.31	25.18	16.56	20.3	17.98	28.11	34.5	21.39	27.37	18.12	22.05	34.92	22.04	20.07	20.79	51.86	28.57	31.15	17.84	19.47	29.85	32.17	20.2	35.61
HYL_CRca_A0A193H397	25.81	19.43	11.99	23.13	13.46	33.18	23.86	25.93	22.58	15.62	0	14.17	17.03	23.7	9.99	21.96	20.03	19.8	20.11	37.54	24.07	21.85	25.51	17.38	25.13	17.61	7.95	13	27.46	21.08	25.76	17.38	36.46	22.89	17	18.53	21.14	8.61	23.79	20.84	33.77	33.05	26.34	22.93	37.56	37.98	23.09	40.33	29.66	21.3	20.72	23.38	40.9	32.74	30.44	40.25	25.98	33.72	29.08	52.28	25.73	24.45	44.84	33.5	25.74	37.49	25.65	68.59	25.54	23.83	40.12	51.19	41.22	37.48	39.02	26.42	33.63	34.35	31.8	32.27	37.75	33.29	38.46	39.61	18.57	38.05	33.08	24.12	38.16	27.17	35.06	21.33	27.82	22.34	22.61	31.77	33.26	22.3	32.64	20.88	34.12	38.91	26.38	35.99	34.97	29.65	25.32	33.03	24.26	33.13	34.69	27.64	24.04	31.73	37.37	34.34	15.93	19.03	29.27	47.54	39.92	21.18	37.33	46.97	26.21	27.45	31.15	25.39	32.52	26.46	32.64	42.61	18.65	28.99	22.58	25.86	31.27	30.44	29.59	25.46	29.13	25.43	31.46	49.01	53.78	23.22	26.2	35.38	27.58	43.94	43.28	29.99	33.47	31.11	16.33	31.15	26.53	22.17	25.35	25.79	27.38	18.42	48.37	41.94	25.61	26.03	27.49	33.74	34.16	39.01	48.8	37.57	38.75	26.88	36.96	22.62	17.33	25.3	26.57	37.49	26.33	17.84	62.04	28.84	28.43	28.46	19.31	29.65	25.51	37.14	29.37	29.73	40.72	22.17	62.09	31.76	35.97	37.54	29.75	37.21	18.56	22.87	36.99	41.84	22.3	22.8	28.52	24.39	42.66	35.43	27.77	30.3	35.45	40.68	24.42	23.03	21.81	62.3	32.63	39.13	28.4	27.69	45.99	38.83	41.24	29.15
HYL_HPci_1	27.64	23.46	20.42	21.02	21.79	27.93	21.75	21.92	18.45	11.23	14.17	0	21.28	29.09	17.68	26.23	17.32	17.09	28.04	30.53	23.72	24.46	19.74	30.71	21	13.7	17.24	25.67	30.73	26.85	19.57	18.85	17.03	20.78	19.13	21.2	18.87	18.76	20.14	20.15	29.76	24.74	20.23	21.86	33.37	23.09	31.14	43.38	26.47	39.79	25.65	35.31	30.37	25.51	25.41	33.24	41.51	33.39	22.69	38.71	33.04	33.36	37.81	28.19	20.49	40.2	33.18	61.56	33.23	20.34	53.71	36.92	30.69	31.37	32.35	24.75	26.4	27.96	25.39	22.44	41.74	34.04	31.45	32.6	28.06	31.04	33.87	50.23	31.15	22.9	38.49	27.38	34.31	25.69	27.78	22.3	29.75	27.93	24.93	17.77	30.03	32.36	22.87	25.6	25.54	22.04	34.23	24.28	41.23	28.9	15.18	32.77	22.07	17.8	22.24	27.49	36.6	25.62	20.9	42.33	43.91	27.05	21.14	30.36	19.58	22	21.26	43.12	23.13	23.27	29.91	24.16	35.94	27.12	17.07	23.39	21.14	21.15	19.02	26.85	24.08	26.88	36.31	47.22	53.69	22.19	22.39	24.87	28.27	31.95	30.87	24.86	25.64	20.62	26.36	28.92	21.7	23.9	24.52	21.98	35.57	36.17	26.76	36.45	21	19.1	31.24	26.03	25.51	35.88	47.63	30.76	29.18	19.87	29.27	29.43	23.54	17.85	22.42	29.88	23.24	16.81	48.29	26.51	21.12	21.15	21.16	18.78	20.9	34.15	18.98	29.56	20.45	31.78	48.34	22.53	26.44	22.17	25.3	26.3	25.45	23.12	33.16	32.17	23.77	20.47	26.43	19.72	32.71	26.46	32.32	16.93	24.94	39.29	25.07	20.7	24.12	43.97	23.26	34.24	26.29	26.62	28.4	23.1	33.47	39.54
HYL_HPra_P86037	18.8	31.34	32.58	37.44	34.09	29.91	36.71	30.98	27.77	23.17	17.03	21.28	0	22.81	37.56	35.55	29.56	29.33	22.06	33.73	23.68	24.46	29.2	25.07	31.12	20.88	22.18	27.21	32.53	30.63	32.25	24.99	42.79	37.2	27.45	26.94	30.45	23.86	39.68	29.27	35.94	29.7	30.19	37.38	34.23	34.37	32.36	39.66	29.87	35.31	23.95	30.71	38.85	39.51	27.71	46.08	43.63	30.35	35.11	54.07	31.34	21	48.35	46.01	34.15	28	31.38	48.56	31.43	27.44	35.19	38.44	39.17	43.59	41.59	34.39	33	38.32	35.77	48.72	43.22	40.1	33.35	32.06	27.72	43.88	33.01	36.75	33.89	31.76	31.45	29.44	33.87	32.27	37.14	41	48.61	37.09	35.17	26.97	25.11	49.28	28.69	47.68	32.14	29.7	20.61	33.2	40.77	33.68	41.14	32.57	36.09	27.18	27.58	32.25	26.08	30.12	31.6	58.83	36.27	41.91	32.04	31.88	30.5	53.2	30.08	44.88	27.93	28.77	42.43	38.62	42.24	36.78	31.11	29.01	35.1	40.03	42.32	43.45	40.78	43.42	38.23	63.8	61.83	25.01	39.37	26.71	33.87	42.29	26.67	37.68	37.4	34.6	47.46	51.42	33.72	26.36	31.08	33	36.27	42.01	52.94	52.73	33.04	42.5	40.08	37.69	40.45	27.52	61.19	48.36	37.26	29.71	32.65	39.69	42.28	28.49	35.14	32.92	28.64	34.67	64.49	29.71	38.52	38.55	36.52	40.38	32.94	37.41	41.08	40.02	39.67	39.72	64.54	32.85	32.98	33.09	44.92	37.96	32.39	48.3	27.46	33.97	32.37	38.21	41.57	24.46	41.77	33.58	39.5	34.93	31.7	37.59	35.09	38.44	40.92	61.81	43.24	25.9	41.43	34.52	29.86	43.6	30.75	55.26
HYL_HYsi_H6SWL6	35.53	36.89	15.97	19.41	17.68	18.94	18.68	43.15	22.34	21.46	23.7	29.09	22.81	0	21.37	35.68	9.61	15.28	12.45	12.78	33.09	11.21	10.57	35.54	42.99	17.05	35.43	30.96	10.3	9.48	36.9	36.24	39.28	17.71	6.86	7.35	17.88	15.23	9.05	8.84	19.33	9.83	21.24	18.59	24.26	13.74	15.05	30.67	20.48	34.44	17.6	28.56	27.22	24.18	13.7	9.49	31.34	34.48	17.04	31	25.23	42.25	31.54	25.16	14.78	14.41	11.71	39.23	11.66	13.25	40.94	30.13	27.54	18.06	28.64	19.24	15.47	14.69	14.56	21.79	27.39	27.77	12.62	12.43	12.55	12.57	17.32	38.42	12.46	11.99	12.7	13.41	37.28	10.34	16.71	21.29	28.46	16.66	12.06	31.54	23.82	22.71	23.86	21.31	31.57	21.93	43.12	10.03	30.12	42.23	35.55	15.02	27.38	24.57	18.09	25.86	44.89	12.87	19.35	67.98	63.72	31.86	21.67	29.87	20.23	25.07	22.35	35.59	23.06	23.46	32.16	30.57	33.77	13.15	11.96	23.48	25.71	26.54	29.87	31	22.67	30.97	29.66	52.09	67.24	22.76	26.7	12.1	15.14	27.92	30.6	22.03	23.17	30.01	36.95	9.69	22.57	27.69	23.93	18.89	25.9	33.54	29.21	30.04	22.23	25.09	27.27	22.88	22.78	20.63	52.5	20.45	26.93	23	24.18	30.18	37.03	24.7	20.67	28.99	23.33	31.78	47.7	19.28	25.41	27.34	27.59	26.95	22.13	16.6	29.09	22.61	27.68	28.79	43.19	27.86	25.17	21.8	25.81	17.17	27.04	34.35	27.09	27.8	15.46	24.88	24.92	18.61	51.48	14.91	26.73	12.36	24.77	25.28	26.18	24.65	28.25	63.28	29.75	33.97	28.46	26.21	26.75	18.29	27.2	32.93
HYL_LDpu_C0HJZ6	17.5	17.54	19.02	25.16	17.17	25.23	27.21	26.02	17.95	15.93	9.99	17.68	37.56	21.37	0	15.89	17.32	17.55	36.98	25.79	44.44	32.32	26.68	25.37	19.66	39.26	12.58	26.15	33.39	18.55	21.89	25.71	39.83	32.18	17.23	16.58	18.61	17.82	20.94	19.43	33.3	22.06	26.21	27.86	27.39	28.85	23.68	48.3	30.65	46.05	19.69	27.93	49.21	44.49	22.79	16.26	35.05	23.57	27.43	42.51	31.3	25.7	39.23	32.99	25.89	33.84	25.8	44.06	25.75	21.9	35.41	42.5	48.67	36.41	36.79	30.67	26.72	22.34	24.67	38.52	26.38	42.14	26.63	25.42	28.42	37.64	29.79	30.99	25.85	26.54	32.71	24	40.05	21.53	21.46	38.44	34.49	21.87	31.29	14.23	36.07	34.2	22.67	32.38	30.24	32.98	26.57	31.92	25.41	18.96	23.28	37.87	19.33	35.52	24.4	20.97	19.52	16	19.94	50.61	44.81	16.85	18.86	30.14	24.6	21.34	26.38	25.36	21.53	22.17	30.23	28.02	20.82	18.92	36.59	17.21	30.46	29.63	15.4	31.57	29.8	31.54	22.19	45.54	43.39	19.55	23.09	20.51	31.81	37.71	37.75	28.3	27.86	17.36	14.04	16.3	27.04	28.68	30.62	26.88	26.17	21.05	42.62	47.29	27.58	31.42	20.58	28.15	28.35	36.28	37.51	37.34	33.44	33.91	28.57	27.47	15.72	18.99	26.74	32.02	22.34	21.69	45.31	29.03	28.8	28.83	21.16	31.4	29.92	22.97	22	26.02	23.47	27.7	44.4	32.33	29.28	27.07	38.08	30.38	23.41	23.56	42.52	38.47	18.87	40.87	38.57	22.44	40.51	28.94	23.24	28.43	22.24	30.99	35.01	33.48	23.84	52.37	28.22	43.6	38.43	23.5	43.8	28.88	40.51	45.08
HYL_LDpu_C0HK03	31.49	35.83	30.29	33.97	26.24	33.06	37.6	33.23	27.86	26.32	21.96	26.23	35.55	35.68	15.89	0	27.13	27.36	24.15	35.7	55.09	27.61	35.01	45.52	29.87	32.43	25.59	38.56	33.28	44.64	28.22	37.4	31.14	34.21	30.26	29.61	29.04	25.97	31.33	28.56	43.45	32.45	40.52	38.03	50.58	37.94	33.25	37.97	39.56	56.44	29.5	52.3	47.16	54.88	36.8	28.69	22.52	42.54	34.12	55.26	41.67	22.99	32.08	42.22	35.7	44.23	50.17	65.49	35.4	47.17	68.58	36.05	47.48	45.76	46.14	33.68	32.67	32.73	35.06	34.51	45.57	49.99	34.92	34.19	56.79	48.03	39.6	42.7	35.66	35.05	43.1	34.05	46.68	31.92	31.37	34.43	52.56	31.78	41.68	27.26	40.2	54.23	26.82	35.77	26.69	43.75	23.86	44.93	45.14	45.49	38.71	37.42	32.36	35.31	33.17	21.06	22.83	30.43	30.33	59.32	53.84	29.14	28.21	38.87	34.17	32.61	30.37	52.81	26.12	26.32	41.62	36.19	36.61	29.31	33.02	26.86	49.57	48.26	34.47	32.9	35.49	32.87	34.94	59.19	38.52	28.42	36.54	29.6	30.52	39.24	45.94	35.53	35.71	27.75	27.23	26.69	29.91	28.59	35.15	35.69	30.92	36.84	57.89	54.26	30.67	34.25	38.75	36	35.58	30.91	39.72	52.45	26.83	33.08	38.96	36.24	29.95	31.52	29.73	34.09	26.49	26.94	42.08	38.38	26.71	26.74	24.51	25.37	30.57	49.32	37.99	35.37	39.46	37.05	42.13	24.84	37.41	36.46	30.55	30.75	31.4	32.21	36.53	46.98	30.96	37.42	41.08	34.41	39.1	31.79	38.85	40.26	43.19	50.22	42.96	37.19	27.61	61.72	41.45	50.73	40.94	31.41	40.49	55.31	50.9	36.29
HYL_LIfa_B5LUQ3_1	24.68	38.28	12.48	9.28	12.17	12.47	10.01	39.92	11.11	8.13	20.03	17.32	29.56	9.61	17.32	27.13	0	0.23	14.38	22.13	29.42	20.56	9.62	29.21	39.3	23.22	22.26	23.59	23.65	19.57	38.53	32.55	35.47	9.52	14.61	15.52	14.45	18.96	9.78	13.09	18.28	15.74	12.55	12.98	26.49	22.57	9.78	37.6	27.59	23.23	15.97	18.19	35.13	14.43	20.79	24.84	33.27	32.83	12.51	28.67	17.28	23.5	24.89	27.57	10.65	20.16	16.06	49.66	16.21	9.9	38.33	30.5	35.45	20.33	30.49	18.59	16.96	7.56	10.43	24.18	22.36	26.56	17.97	24.2	8.44	22.64	16.91	42.31	22.75	16.46	14.25	20.72	35.37	17.19	17.46	24.58	30.39	18.89	17.85	19.25	25.75	29.76	26.05	11.52	36.64	17.98	24.37	17.54	26.89	25.4	17.24	23.81	27.45	26.2	19.4	27.55	26.88	17.78	11.26	51.31	50.45	22.77	22.54	24.64	19.12	14.18	24.1	24.86	25.27	25.65	20.99	23.28	25.32	15.42	15.41	25.89	20.04	19.21	20.34	19.79	19.26	19.76	24.31	61.98	44.05	26.49	30.03	16.07	21.93	24.41	24.93	14	14.42	21.4	28.5	14.2	24.76	18.64	11.52	23.7	16.57	25.09	28.08	24.77	13.74	20.16	24.64	14.23	14.65	35.48	62.39	23	23.58	15.07	23.07	31.97	24.66	20.05	21.62	28.34	25.52	23.61	63.05	24.51	26.36	26.39	36.68	39.28	13.84	25.69	20.58	25.04	25.05	37.72	63.1	26.95	23.4	22.83	34.26	23.54	25.17	28.88	28.26	26.37	13.27	28.29	29.47	27.92	28.73	20.16	23.86	15.17	29.04	36.37	21.21	28.52	26.76	53.15	32.1	29.34	29.59	16.44	21.14	27.3	15.99	34.48
HYL_LIfa_B5LUQ3_2	24.45	38.05	12.25	9.51	11.94	13.12	10.24	39.69	11.34	8.36	19.8	17.09	29.33	15.28	17.55	27.36	0.23	0	14.15	21.9	29.19	20.33	9.39	28.98	39.07	23.45	22.49	23.82	23.42	19.8	38.3	32.32	35.24	9.29	14.84	15.75	21.42	19.19	10.01	13.32	18.05	15.51	12.78	13.43	26.26	22.34	13.49	29.79	27.36	23	15.74	17.96	34.9	14.2	20.56	24.61	33.5	32.6	12.28	28.44	16.19	23.73	24.66	37.82	20.02	16.19	15.83	49.43	15.98	9.67	38.1	30.27	35.22	20.56	30.26	18.36	16.73	7.79	12.34	23.95	22.13	26.33	17.74	23.97	8.67	22.41	16.68	42.08	22.52	16.23	14.48	20.49	35.14	19.16	18.97	24.35	40.64	18.66	17.62	19.02	25.52	29.53	27.12	11.29	36.41	17.75	24.6	17.77	26.66	25.17	17.47	23.58	27.22	25.97	22.91	27.32	27.11	17.55	11.49	51.54	50.22	22.54	24.51	24.87	18.89	14.41	13.93	24.63	26.78	27.62	20.76	23.05	25.09	15.19	23.76	27.86	19.81	18.98	20.11	19.56	19.03	19.53	24.54	61.75	45.62	26.72	31.48	18.24	22.26	24.18	24.7	13.77	13.99	19.11	25.87	21.33	24.53	18.41	25.43	21.73	16.34	24.86	27.85	24.54	13.51	19.93	24.41	14	14.42	35.25	62.16	22.77	28.71	14.84	22.84	31.74	34.13	19.82	21.39	28.11	27.49	23.38	62.82	24.28	26.13	26.16	36.45	39.05	13.61	32.72	20.35	18.93	24.44	37.95	62.87	26.72	23.17	24.8	34.03	22.67	24.94	28.65	28.03	26.14	13.04	28.06	29.24	14.37	40.68	26.27	23.63	14.94	28.81	36.14	20.98	28.29	26.99	52.92	27.93	29.11	29.36	16.21	20.91	27.07	15.76	34.25
HYL_LIfa_B5LUQ4	22.62	35.94	16.7	13.94	17.33	18.49	17.01	35.86	15.47	18.61	20.11	28.04	22.06	12.45	36.98	24.15	14.38	14.15	0	16.25	30.44	8.14	19.44	27.85	30.22	32.86	30.06	24.39	20.45	15.99	35.39	28.97	22.81	13.7	9.83	16.16	25.55	17.54	16.96	17.65	20.14	13.72	23.61	15.08	21.39	17.57	16.54	28.24	23.87	20.21	11.97	14.65	28.57	19.23	14.53	30.04	40.67	22.37	18.11	29.21	10.88	24.2	35.03	28.19	16.07	17.08	17.8	43.74	17.75	28.4	51.97	30.14	28.89	22.47	35.19	18.97	21.94	21.5	15.37	20.22	31.8	38.84	16.51	16.48	19.78	15.08	16.81	36.95	16.29	17.08	22.45	20.52	37.25	19.49	20.76	22.08	40.71	15.05	18.41	25.09	27.05	22.78	24.85	21.38	32.18	21.88	25.07	24.7	31.77	25.62	39.6	14.93	38.59	23.88	25.78	26.99	35.24	14.46	20.4	58.49	63.39	39.09	24.1	28.02	24.3	21.42	21.46	27.38	24.97	22.57	39.77	38.36	39.54	20.68	21.65	28.47	32.08	31.25	40.1	30.11	29.32	30.08	33.49	51.44	60.23	32.13	29.49	25.91	16.95	32.89	26.77	22	16.6	31.66	32.12	23.54	21.84	17.34	21.3	19.4	15.19	39.31	38.56	38.35	20.58	30.22	36.78	16.41	16.83	23.2	51.85	33.4	22.88	21.91	32.97	29.53	28.08	38.87	19.52	18.86	25.22	34.07	59.55	23.41	39.52	39.49	27.42	25.9	20.68	35.33	35.04	32.8	33.19	24.14	59.6	28.01	31.22	22.01	41.14	21.1	29.91	46.08	34.56	30.65	24.63	36.23	33.55	21.48	58.19	27.2	37	21.03	25.94	49.61	20.63	36	39.58	61.87	25.4	36.22	33.67	15.5	25.32	32.3	19.89	34.2
HYL_LIfa_B5LUQ6	31.89	30.63	20.65	9.81	22.16	15.12	9.28	39.71	13.74	12.9	37.54	30.53	33.73	12.78	25.79	35.7	22.13	21.9	16.25	0	32.67	17.31	10.55	27.78	39.09	21.55	29.65	39.68	14.94	11.92	37	32.34	25.38	10.05	13.42	14.95	21.64	28.95	12.33	12.78	15.91	7.63	13.48	12.63	19.54	11.2	5.81	37.77	20.34	18.2	8.62	6.36	20.94	9.46	4.94	19.27	42.2	17.6	5.04	26.12	16.69	42.29	13.14	34.94	4.04	13.45	3.13	48.45	3.18	12.95	39.48	33.63	18.72	27.38	28.22	17.08	18.03	6.83	4.28	15.01	25.95	22.07	1.62	2.55	10.21	0.73	9.74	27.02	0.62	3.49	11.74	6.39	33.38	8.14	7.67	14.51	37.76	8.08	8	39.38	18.06	21.35	18.46	19.75	35.35	21.99	31.12	22.69	45.84	43.39	23.49	11.52	45.42	24.63	17.13	31.82	34.87	21.77	18.95	63.44	52	39.86	16.83	25.75	9.55	11.75	17.79	30.19	17.68	18.06	39.34	26.53	34.73	13.05	17.22	18.3	38.57	38.36	36.47	37.6	35.39	37.57	32.96	61.01	62.7	26.14	31.56	16.94	19.3	21.4	25.24	15.75	16.79	30.33	34.37	16.41	12.57	21.05	19.35	16.81	14.96	34.5	25.01	24.8	15.21	37.11	29.05	16.6	16.4	26.63	61.42	20.21	26.51	11.68	13.28	33.74	30.81	26.58	17.13	18.67	17.93	40.7	62.08	17.78	30.09	30.06	30.71	31.75	18.37	34.64	37.91	35.33	27.24	44.09	62.13	31.78	24.09	17.86	34.41	14.31	45.06	35.55	21.57	19.68	17.6	30.7	17.92	27.25	36.76	17.21	31.73	16.52	24.99	44.82	39.04	30.47	34.07	59.36	45.27	22.65	18.04	15.07	23.15	25.17	13.96	28.79
HYL_LIin_Q571V3	16.26	26.96	23.3	29.7	39.93	31.61	27.45	30.56	28.45	33.45	24.07	23.72	23.68	33.09	44.44	55.09	29.42	29.19	30.44	32.67	0	29.06	24.38	23.23	25.12	38.84	27.98	35.65	18.27	20.07	22.31	22.03	48.01	29.46	34.07	31.58	22.75	31.46	29.04	19.49	24.24	26.94	34.85	20.82	16.29	23.87	25.68	34.66	31.39	22.07	30.05	37.45	29.83	22.77	21.37	35.38	64.11	16.91	25.63	52.87	26.18	24.3	33.35	41.97	21.79	30.78	35.32	50.58	35.37	30.34	52.73	38.74	29.71	31.51	17.87	19.39	21.1	28.38	27.11	34.12	32.18	30.24	30.43	34.74	20.66	33.18	28.01	22.51	33.29	28.24	29.07	26.84	29.73	26.73	26.74	33.62	44.79	26.69	23.27	17.77	30.83	39.4	24.81	30.9	38.6	18.14	25.17	19.1	24.29	19.18	20.36	26.99	29.63	20.48	36.96	17.91	22.64	30.88	31.08	50.89	47.91	18.65	41.44	42.14	24.24	31.9	27.52	37.12	31.65	25.31	20.21	29.3	24.12	26.34	35.47	31.81	33.92	34.75	29.86	27.93	28.32	27.78	35.01	44.52	46.51	28.71	54.41	20.51	34.37	20.77	23.45	34.74	24	39.52	25.76	31.08	18.2	32.34	36.46	32.44	32.77	23.89	42.24	42.85	18.6	30.04	18.06	25.41	24.09	37.6	44.81	38.48	39.22	28.87	24.51	55.51	21.32	32.31	40.04	43.82	31.66	38.13	45.23	42.11	46.22	46.25	29.46	36.4	18.7	43.67	14.76	17.56	14.61	54.54	45.28	35.77	44.52	37.13	21.52	27.54	35.31	28.8	23.26	31.11	29.11	41.77	40.17	27	24.11	28.76	34.76	33.55	35.1	32.59	33.93	42	45.6	55.95	29.32	38.38	35.83	33.08	37.74	34.9	35.63	22.16
HYL_LIin_Q571V5	18.44	33.84	13.12	22.06	16.09	16.09	16.25	40.14	23.37	26.27	21.85	24.46	24.46	11.21	32.32	27.61	20.56	20.33	8.14	17.31	29.06	0	17.22	38.81	40	24.72	29.82	27.85	17.59	21.81	38.35	33.25	20.89	21.82	18.13	19.04	27.13	20.48	21.46	20.53	14.38	10.26	13.69	20.52	34.33	16.33	15.3	32.22	36.85	27.67	12.33	15.43	28.11	16.81	16.35	14.6	45.85	35.59	17.37	41.59	19.12	45.58	24.75	34.93	18.81	17.52	14.66	44.4	14.71	14.84	42.65	24.48	28.43	25.81	19.01	18.29	13.9	23.26	18.95	32.92	21.84	23.04	14.47	15.34	27.3	17.3	20.11	33.89	15.85	17.28	18.27	18.04	24.13	14.13	18.94	32.42	37.43	18.89	14.87	35.95	30.19	20.18	22.97	18.78	31.18	17.86	46.45	23.34	33.43	31.16	32.12	23.97	51.41	21.08	13.48	27.45	32.84	12.34	15.86	60.13	50.49	33.47	21.8	24.46	21.04	22.72	17.84	42.8	22.91	23.05	20.57	15.64	32.98	27.58	12.49	23.29	21.44	37.85	40.1	41.23	29.84	41.2	31.09	41.56	61.41	29.45	34.89	14.23	16.61	20.99	27.27	17.02	17.6	30.68	30.88	25.74	18.5	21.44	14.44	16.36	24.45	32.75	37.06	36.85	19.76	40.74	18.48	17.89	24.73	19.94	41.97	32.28	23.06	26.07	31.47	33.71	34.96	32.29	16.7	18.22	22.92	44.39	44.91	16.67	23.18	23.15	26.38	20.7	17.42	34.79	20.98	25.1	18.93	27.64	44.96	23.39	16.38	22.17	37	24.96	29.71	23.44	27.5	29.41	27.09	24.93	29.05	14.76	31.57	13.3	30.22	18.19	14.9	30.67	21.49	25.16	28.76	51.11	28.78	29.06	29.17	24.56	22.06	14.08	29.47	28.52
HYL_LIin_Q571V6	35.92	28.5	20.5	19.62	18.59	12.55	20.35	38.86	12.85	13.85	25.51	19.74	29.2	10.57	26.68	35.01	9.62	9.39	19.44	10.55	24.38	17.22	0	28.69	40.82	23.68	27.2	41.41	17.91	13.15	26.89	34.07	33.77	19.38	22.99	23.08	22.53	23.6	10.24	21.49	17.04	12.6	11.05	20.2	18.97	4.71	8.34	37.38	21.37	25.81	12.01	11.03	28.23	10.65	5.45	22.32	33.49	25.93	13.39	37.85	15.82	29.34	22.99	31.15	6.97	21.7	7	51.28	6.95	12.1	49.99	36.42	28.55	17.57	27.27	7.57	12.88	15.34	12.79	20.98	29.54	21.08	6.39	8.2	14.04	7.8	16.63	32.83	10.69	7.46	19.99	10.26	32.53	12.37	14.9	22.84	33.97	13.65	9.63	26.39	15.65	23.56	22.51	21.26	46.96	21.3	32.01	21.9	34.47	29.58	27.34	15.87	31.87	24.42	28.9	29.99	36.26	18.48	18.26	51.41	50.85	29.69	20.94	31.32	18.26	17.28	17.3	32.84	22.63	23.01	26.71	25.68	33.58	20.08	18.65	23.51	26.76	27.59	26.12	27.25	23.58	27.22	32.81	52.98	61.85	39.31	42.81	16.19	21.25	20.21	25.65	15.42	15.94	22.3	39.34	22.22	13.64	20.64	26.32	26.76	23.05	33.35	26.52	24.23	13.2	26.3	29.34	15.65	16.17	22.22	53.39	22	26.12	23.31	22.01	44.47	35.5	23.87	20.3	27.28	22.88	27.93	54.51	25.71	25.54	25.51	38.58	41.18	13.1	24.91	24.84	25.68	26.31	43.14	54.56	38.99	25.48	21.09	34.14	15.52	32.29	34.04	26.98	27.41	18.11	29.61	18.03	28.98	36.49	24.9	30.58	18.43	24.78	40.19	26.09	29.38	27.96	53.63	44.32	28.54	18.15	23.36	25.86	24.64	21.89	37.32
HYL_PHbi_J9V799	42.65	24.61	24.63	27.27	35.82	27.6	27.18	20.61	30.52	17.76	17.38	30.71	25.07	35.54	25.37	45.52	29.21	28.98	27.85	27.78	23.23	38.81	28.69	0	18.17	22.21	11.69	16.1	24.08	27.3	20.6	13.72	27.84	23.89	25.98	23.69	18.24	12.73	33.45	29.2	31.57	28.99	26.1	31.67	18.88	28.04	26.57	35.11	34.48	42.9	28	31.56	30.36	25.78	31.44	31.05	52.88	16.5	28.22	38.26	32.59	42.13	42.12	27.5	25.34	27.73	28.31	55.99	28.36	27.33	53.58	46.17	31.06	38	38.38	32.48	31.39	24.81	32.18	31.09	33.33	29.19	30.26	28.85	30.09	28.85	25.6	44.44	27.82	27.99	26.4	32.55	50.14	27.22	28.75	30.59	29	28.24	27.62	25.24	34.58	32.87	35.42	19.97	37.61	23.63	41.52	41.61	42.6	25.71	46.03	32.46	35.54	36.79	41.61	40.28	46.03	27.31	32.63	49.52	42.56	50.08	27.25	46.61	27.55	30.13	32.05	29.05	41.04	35.92	32.16	48.77	48.75	26.75	30.5	34.2	29.49	28.66	25.65	24.84	19.65	24.87	28.68	60.47	48.92	46.68	29.88	33.42	30.08	34	36.74	31.15	32.15	40.57	23.85	34.51	32.49	29.25	25.59	31.09	42.68	48.52	40.85	36.96	32.31	24.79	34.17	32.22	31.8	50.61	51.88	32.57	34.37	27.72	29.86	45.06	25.45	20.84	32.47	41.35	35.79	23.22	52.96	34.96	29.53	41.72	36.05	38.69	32.21	37.3	49.69	40.57	47.98	44.65	53.01	47.14	30.37	33.5	46.05	29.69	28.58	29.03	36.31	38.32	20.22	44.78	36.32	44.63	24.58	36.03	30.85	27.62	34.15	25.44	24.3	45.01	34.63	58.7	27.29	43.87	36.18	42.99	39.11	45.69	26.44	34.41
HYL_PHbi_P31107	51.04	8.84	24.34	34.04	24.93	33.41	34.77	7.64	28.19	21.65	25.13	21	31.12	42.99	19.66	29.87	39.3	39.07	30.22	39.09	25.12	40	40.82	18.17	0	18.38	21	31.63	31.97	39.61	5.03	9.69	40.45	33.72	40.23	40.32	13.35	28.72	37.68	35.15	31.86	32.26	27.25	42.48	47.17	33.75	38.24	45.26	33.03	44.69	28.31	27.89	32.95	31.27	36.13	45.48	64.81	23.39	31.95	49.37	42.18	45.88	34.47	35.25	32.71	32.34	30.86	46	30.91	24.34	38.09	48.42	33.27	27.17	27.33	31.55	25.88	26.82	32.71	28.54	53.22	40.16	34.45	34.34	23.14	39.6	34.43	46.77	39.71	34.06	34.87	38.16	23.05	36.15	35.96	28.04	35.69	35.65	29.71	21.43	41.73	29.26	25.71	32.82	43.08	28.42	46.75	27.5	40.33	27.26	21.32	37.97	22.21	45.04	31	37.49	31.76	33.4	40.46	40.05	39.75	34.89	35.38	40.6	26.26	35.48	22.38	27.7	25.79	26.21	35.57	38.5	24.66	26.62	29.81	36.45	30	29.29	27.8	29.45	24.18	29.48	38.39	42.98	40.03	27.51	27.73	40.47	26.37	29.49	25.05	28.8	24.8	23.98	31.68	30.08	25.82	26.58	32.3	41.64	36.05	24.43	42.64	43.47	25.96	28.82	26.48	24.51	34.43	39.5	37.99	28.3	39.92	28.89	35.25	30.07	24.12	29.37	34.36	38.8	36.08	29.23	38.53	42.37	36.04	36.07	42.14	25.16	26.06	44.65	36.56	38.18	37.45	24.02	38.58	30.97	25.24	28.23	29.86	39.26	46.51	26.02	26.18	50.17	33.27	34.09	34.41	46.4	38.71	43.24	26.38	29.67	35.02	24.13	33.07	33.86	21.84	48.01	23.38	28.72	34.27	35.92	43.26	47.08	30.61	27.9
HYL_PHbi_P81485	33.48	27.44	18.18	27.7	19.55	19.31	28.43	18.52	18.11	14.39	17.61	13.7	20.88	17.05	39.26	32.43	23.22	23.45	32.86	21.55	38.84	24.72	23.68	22.21	18.38	0	15.74	18.43	23.01	17.07	16.79	23.73	30.05	27.46	16.35	17.04	16.51	18.28	28.74	28.97	16.94	27	14.09	17.12	18.89	21.59	20.92	45.52	34.87	23.81	32.05	15.63	24.99	18.21	21.79	35.8	61.31	25.65	20.69	38.05	31.98	39.44	30.27	33.87	18.55	37.56	17.78	66.56	17.83	18.22	47.19	41.66	25.31	30.45	30.83	24.03	32.24	17.76	25.39	17.34	45.28	30.5	24.67	18.36	20.06	22.28	32.49	41.59	25.83	17.04	28.45	19.72	48.51	31.21	30.28	30.32	36.69	30.23	18.41	22.21	33.17	31.46	40.45	24.06	33.52	18.44	38.83	20.32	35.23	22.82	26.18	33.25	24.03	21.1	20.28	24.99	53.36	29.18	23.06	41.63	48.37	29.59	35.26	33.12	18.96	15.4	16.6	35.06	20.53	22.45	32.61	24.04	28.46	26.84	23.79	40.97	28.06	32.39	31.42	25.43	30.6	25.4	35.23	51.18	54.01	22.51	29.75	35.19	32.71	30.23	15.17	21.68	18.02	28.68	45.72	29	17.36	14.98	32.32	23.92	33.15	28.23	34.76	35.55	16.6	25.28	28.02	22.75	32.43	25.42	51.59	29.86	27.72	30.43	20.43	30.37	25.1	26.59	37.74	34.78	22.32	23.71	52.81	38.97	22.52	22.55	23.16	25.78	16.7	30.05	34.26	44.4	33.89	35.22	52.86	31.49	27	29.77	30.32	28.74	34.33	31.58	16.76	30.13	35.79	24.93	30.33	28.6	42.05	26.3	27.54	21.29	42.82	40.47	26.73	25.16	30.08	44.13	36.84	20.18	22.13	33.46	32.68	29.1	35.45	30.66
